Run semi-empirical minimization
 &qmmm
    qm_theory='AM1', grms_tol=0.0005,
 scfconv=1.d-10, ndiis_attempts=700,   qmcharge=0,
 /
   6    C4       -9.6390      -10.8520      -17.2860 
   6   C14       -4.6160       -4.8750      -16.1640 
   6    C5       -8.8460       -9.7030      -17.2500 
   6    C6       -8.7340       -8.9640      -16.0700 
   6   C11       -7.3100       -4.5030      -15.4890 
   6    C8       -7.5980       -6.9540      -15.1290 
   6   C10       -6.7500       -5.7940      -15.4840 
   6   C12       -6.5250       -3.4120      -15.8140 
   6   C13       -5.1770       -3.5900      -16.1520 
   7    N3      -10.3280      -11.2080      -16.1990 
   6    C1       -9.4870       -9.3840      -14.9550 
   6    C2      -10.2740      -10.5230      -15.0600 
   7    N7       -7.9330       -7.8120      -16.1230 
   8    O9       -7.9630       -7.0850      -13.9710 
   6   C15       -5.3980       -5.9700      -15.8370 
  17   Cl1       -4.6910       -7.5500      -15.8820 
   6   C17       -4.3670       -2.4620      -16.4880 
   7   N18       -3.7160       -1.5720      -16.7520 
  17   Cl2       -8.9850       -4.2690      -15.0940 
   7   N20       -9.7530      -11.6350      -18.4470 
   6   C21       -8.7770      -11.8630      -19.3710 
   8   O22       -7.6650      -11.3590      -19.2850 
   6   C23       -9.1230      -12.7580      -20.5430 
   6   C24       -8.4290      -12.5480      -21.8920 
   6   C25       -8.0810      -13.7660      -21.0310 
   1     H       -3.6240       -5.0040      -16.4160 
   1    H1       -8.3410       -9.3990      -18.0970 
   1    H2       -6.9330       -2.4640      -15.8080 
   1    H3       -9.4540       -8.8520      -14.0720 
   1    H4      -10.8230      -10.8410      -14.2460 
   1    H5       -7.5620       -7.5970      -17.0090 
   1    H6      -10.6250      -12.0620      -18.6100 
   1    H7      -10.1430      -12.8100      -20.2240 
   1    H8       -8.9780      -12.6750      -22.8020 
   1    H9       -7.8700      -11.7530      -22.3400 
   1   H10       -7.1280      -13.8260      -20.5490 
   1   H11       -8.0680      -14.8240      -21.1880 

