Run semi-empirical minimization
 &qmmm
    qm_theory='AM1', grms_tol=0.0005,
 scfconv=1.d-10, ndiis_attempts=700,   qmcharge=0,
 /
   6    C4       -6.7680       -6.0290      -15.4960 
   6    C5       -7.3630       -4.7560      -15.5870 
   6    C6       -6.5920       -3.6260      -15.8250 
   6   C11       -8.7620       -9.1860      -16.0280 
   6    C8       -7.6480       -7.1690      -15.1630 
   6   C12       -9.5760       -9.5140      -14.9230 
   6   C13      -10.4480      -10.5960      -15.0330 
   6    C3       -5.3790       -6.1530      -15.6880 
   6    C1       -5.2250       -3.7570      -16.0030 
   6    C2       -4.6220       -5.0120      -15.9350 
  17   Cl1       -9.0780       -4.6020      -15.4470 
   8    O9       -8.1400       -7.2160      -14.0310 
   7   N10       -7.9150       -8.0780      -16.1160 
   7   N14      -10.4840      -11.3230      -16.1490 
   6   C15       -9.7280      -11.0610      -17.2160 
   6   C16       -8.8640       -9.9630      -17.1810 
   7   N17       -9.8320      -11.8770      -18.3640 
   6   C18       -8.8750      -11.9800      -19.3360 
   8   O19       -7.8420      -11.3390      -19.2710 
   6   C20       -9.0940      -12.9030      -20.5280 
   6   C21       -8.4480      -12.5430      -21.8730 
   6   C22       -7.9000      -13.7090      -21.0550 
  17   Cl2       -4.5810       -7.6960      -15.6770 

